1 1
2 10
3 18
4 25
5 37
6 46
7 55
8 64
9 74
10 85
11 95
12 104
13 114
14 123
15 133
16 141
17 151
18 163
19 173
20 181
21 189
22 198
23 209
24 218
25 228
26 236
27 247
28 256
29 265
30 275
31 283
32 290
33 300
34 308
35 318
36 327
37 336
38 346
39 355
40 363
41 373
42 384
43 394
44 405
45 416
46 426
47 435
48 445
49 455
50 465
51 475
52 486
53 494
54 503
55 513
56 521
57 531
58 538
59 547
60 558
61 567
62 574
63 586
64 596
65 605
66 615
67 624
68 633
69 642
70 651
71 661
72 671
73 679
74 690
75 699
76 708
77 717
78 725
79 737
80 747
81 757
82 765
83 773
84 782
85 790
86 800
87 807
88 817
89 826
90 835
91 847
92 857
93 867
94 876
95 886
96 896
97 906
98 915
99 923
100 932
101 941
102 950
103 959
104 967
105 976
106 985
107 993